1362 - Spirals Begun
2618 - 294, 239, 295, 239
2632 - 295, 239, 296, 232
2648 - 296, 232, 298, 228
2665 - 298, 228, 299, 224
2682 - 299, 224, 301, 215
2698 - 301, 215, 302, 207
2715 - 302, 207, 302, 197
2732 - 302, 197, 302, 188
2749 - 302, 188, 303, 181
2766 - 303, 181, 306, 176
2782 - 306, 176, 306, 173
2798 - 306, 173, 307, 170
2815 - 307, 170, 308, 166
2832 - 308, 166, 310, 161
2848 - 310, 161, 311, 157
2865 - 311, 157, 312, 153
2882 - 312, 153, 313, 150
2898 - 313, 150, 314, 148
2915 - 314, 148, 315, 146
2932 - 315, 146, 318, 142
2949 - 318, 142, 321, 136
2965 - 321, 136, 324, 132
2982 - 324, 132, 327, 127
2999 - 327, 127, 329, 125
3016 - 329, 125, 332, 122
3032 - 332, 122, 333, 119
3049 - 333, 119, 335, 116
3066 - 335, 116, 335, 114
3082 - 335, 114, 336, 112
3098 - 336, 112, 336, 111
3115 - 336, 111, 338, 111
3132 - 338, 111, 338, 109
3149 - 338, 109, 340, 109
3165 - 340, 109, 341, 108
3182 - 341, 108, 344, 107
3199 - 344, 107, 349, 105
3216 - 349, 105, 353, 104
3232 - 353, 104, 355, 103
3249 - 355, 103, 356, 101
3266 - 356, 101, 359, 100
3282 - 359, 100, 363, 98
3298 - 363, 98, 367, 96
3315 - 367, 96, 368, 94
3333 - 368, 94, 370, 92
3349 - 370, 92, 371, 91
3366 - 371, 91, 371, 89
3382 - 371, 89, 372, 89
3399 - 372, 89, 372, 88
3415 - 372, 88, 372, 87
3432 - 372, 87, 373, 87
3449 - 373, 87, 375, 85
3465 - 375, 85, 380, 82
3481 - 380, 82, 383, 81
3498 - 383, 81, 384, 80
3515 - 384, 80, 389, 78
3532 - 389, 78, 400, 76
3549 - 400, 76, 408, 73
3565 - 408, 73, 411, 71
3582 - 411, 71, 413, 71
3599 - 413, 71, 415, 71
3615 - 415, 71, 419, 69
3632 - 419, 69, 423, 69
3649 - 423, 69, 428, 67
3666 - 428, 67, 432, 66
3682 - 432, 66, 434, 65
3699 - 434, 65, 437, 64
3715 - 437, 64, 440, 64
3732 - 440, 64, 443, 64
3749 - 443, 64, 444, 64
3766 - 444, 64, 448, 64
3782 - 448, 64, 454, 64
3799 - 454, 64, 461, 64
3815 - 461, 64, 467, 65
3832 - 467, 65, 470, 66
3849 - 470, 66, 474, 67
3865 - 474, 67, 478, 67
3882 - 478, 67, 484, 67
3898 - 484, 67, 490, 68
3915 - 490, 68, 495, 68
3932 - 495, 68, 498, 68
3949 - 498, 68, 498, 69
3965 - 498, 69, 502, 69
3982 - 502, 69, 506, 70
3999 - 506, 70, 508, 70
4015 - 508, 70, 510, 71
4032 - 510, 71, 513, 71
4048 - 513, 71, 514, 71
4066 - 514, 71, 519, 72
4082 - 519, 72, 522, 73
4099 - 522, 73, 525, 74
4115 - 525, 74, 529, 76
4132 - 529, 76, 533, 79
4149 - 533, 79, 538, 83
4165 - 538, 83, 547, 88
4182 - 547, 88, 554, 91
4199 - 554, 91, 556, 92
4216 - 556, 92, 559, 94
4232 - 559, 94, 562, 95
4249 - 562, 95, 565, 97
4266 - 565, 97, 569, 101
4282 - 569, 101, 570, 102
4299 - 570, 102, 572, 104
4315 - 572, 104, 576, 106
4332 - 576, 106, 580, 110
4349 - 580, 110, 583, 113
4366 - 583, 113, 588, 119
4382 - 588, 119, 590, 124
4399 - 590, 124, 593, 128
4415 - 593, 128, 596, 134
4432 - 596, 134, 601, 140
4448 - 601, 140, 604, 145
4465 - 604, 145, 606, 150
4482 - 606, 150, 607, 153
4499 - 607, 153, 610, 157
4516 - 610, 157, 613, 162
4532 - 613, 162, 615, 166
4549 - 615, 166, 616, 169
4565 - 616, 169, 617, 172
4582 - 617, 172, 617, 175
4599 - 617, 175, 619, 179
4616 - 619, 179, 621, 185
4632 - 621, 185, 623, 191
4649 - 623, 191, 624, 197
4665 - 624, 197, 624, 202
4682 - 624, 202, 625, 205
4699 - 625, 205, 626, 209
4715 - 626, 209, 628, 213
4732 - 628, 213, 629, 216
4749 - 629, 216, 630, 220
4765 - 630, 220, 630, 223
4782 - 630, 223, 631, 225
4799 - 631, 225, 631, 228
4815 - 631, 228, 632, 232
4835 - 632, 232, 634, 239
4848 - 634, 239, 634, 245
4865 - 634, 245, 635, 246
4882 - 635, 246, 634, 248
4899 - 634, 248, 634, 251
4915 - 634, 251, 635, 255
4932 - 635, 255, 635, 259
4949 - 635, 259, 635, 264
4965 - 635, 264, 635, 267
4982 - 635, 267, 635, 271
4999 - 635, 271, 635, 274
5016 - 635, 274, 635, 278
5032 - 635, 278, 634, 280
5049 - 634, 280, 634, 282
5065 - 634, 282, 633, 285
5082 - 633, 285, 633, 288
5098 - 633, 288, 632, 291
5115 - 632, 291, 631, 294
5132 - 631, 294, 629, 297
5148 - 629, 297, 627, 301
5166 - 627, 301, 624, 304
5182 - 624, 304, 622, 308
5199 - 622, 308, 620, 311
5215 - 620, 311, 617, 314
5232 - 617, 314, 614, 316
5249 - 614, 316, 611, 319
5266 - 611, 319, 610, 321
5282 - 610, 321, 608, 323
5299 - 608, 323, 604, 326
5316 - 604, 326, 601, 330
5332 - 601, 330, 599, 333
5348 - 599, 333, 597, 335
5366 - 597, 335, 594, 338
5382 - 594, 338, 590, 340
5399 - 590, 340, 588, 343
5416 - 588, 343, 586, 344
5433 - 586, 344, 583, 346
5449 - 583, 346, 579, 347
5466 - 579, 347, 577, 349
5482 - 577, 349, 575, 350
5499 - 575, 350, 572, 351
5516 - 572, 351, 568, 352
5532 - 568, 352, 564, 353
5549 - 564, 353, 561, 354
5565 - 561, 354, 555, 354
5582 - 555, 354, 551, 356
5599 - 551, 356, 547, 357
5616 - 547, 357, 542, 357
5632 - 542, 357, 537, 357
5649 - 537, 357, 532, 357
5666 - 532, 357, 529, 359
5682 - 529, 359, 524, 361
5698 - 524, 361, 519, 362
5715 - 519, 362, 516, 363
5732 - 516, 363, 509, 364
5749 - 509, 364, 501, 366
5765 - 501, 366, 493, 369
5782 - 493, 369, 485, 371
5799 - 485, 371, 478, 373
5815 - 478, 373, 471, 374
5832 - 471, 374, 467, 375
5849 - 467, 375, 465, 375
5866 - 465, 375, 463, 375
5882 - 463, 375, 459, 375
5899 - 459, 375, 456, 375
5915 - 456, 375, 453, 375
5932 - 453, 375, 450, 375
5949 - 450, 375, 447, 375
5965 - 447, 375, 442, 374
5982 - 442, 374, 439, 373
5999 - 439, 373, 437, 373
6015 - 437, 373, 434, 372
6032 - 434, 372, 428, 369
6049 - 428, 369, 423, 366
6065 - 423, 366, 419, 364
6082 - 419, 364, 415, 362
6099 - 415, 362, 412, 359
6115 - 412, 359, 408, 358
6132 - 408, 358, 405, 355
6149 - 405, 355, 401, 352
6165 - 401, 352, 398, 350
6182 - 398, 350, 397, 349
6198 - 397, 349, 394, 347
6215 - 394, 347, 391, 344
6232 - 391, 344, 388, 341
6249 - 388, 341, 386, 339
6265 - 386, 339, 382, 335
6282 - 382, 335, 380, 332
6299 - 380, 332, 376, 328
6315 - 376, 328, 372, 324
6332 - 372, 324, 370, 321
6349 - 370, 321, 368, 318
6366 - 368, 318, 365, 313
6382 - 365, 313, 361, 308
6399 - 361, 308, 358, 303
6416 - 358, 303, 355, 298
6432 - 355, 298, 354, 293
6449 - 354, 293, 352, 288
6466 - 352, 288, 350, 282
6482 - 350, 282, 348, 277
6499 - 348, 277, 347, 273
6516 - 347, 273, 346, 268
6532 - 346, 268, 344, 263
6548 - 344, 263, 343, 259
6565 - 343, 259, 341, 256
6582 - 341, 256, 340, 251
6599 - 340, 251, 339, 244
6615 - 339, 244, 338, 239
6633 - 338, 239, 337, 233
6649 - 337, 233, 336, 227
6666 - 336, 227, 336, 219
6682 - 336, 219, 335, 213
6699 - 335, 213, 335, 209
6715 - 335, 209, 335, 205
6732 - 335, 205, 336, 202
6749 - 336, 202, 337, 198
6765 - 337, 198, 339, 190
6782 - 339, 190, 339, 183
6799 - 339, 183, 339, 180
6815 - 339, 180, 341, 177
6832 - 341, 177, 341, 173
6849 - 341, 173, 344, 168
6866 - 344, 168, 346, 164
6882 - 346, 164, 349, 160
6898 - 349, 160, 352, 155
6915 - 352, 155, 358, 151
6932 - 358, 151, 361, 147
6949 - 361, 147, 365, 144
6966 - 365, 144, 368, 142
6982 - 368, 142, 371, 141
6999 - 371, 141, 375, 138
7015 - 375, 138, 381, 136
7032 - 381, 136, 385, 133
7048 - 385, 133, 389, 131
7066 - 389, 131, 393, 128
7082 - 393, 128, 397, 127
7099 - 397, 127, 401, 126
7115 - 401, 126, 405, 125
7132 - 405, 125, 408, 124
7148 - 408, 124, 412, 123
7165 - 412, 123, 417, 122
7182 - 417, 122, 422, 122
7199 - 422, 122, 428, 122
7216 - 428, 122, 431, 122
7232 - 431, 122, 435, 121
7248 - 435, 121, 438, 121
7265 - 438, 121, 444, 122
7282 - 444, 122, 453, 123
7299 - 453, 123, 461, 126
7316 - 461, 126, 466, 128
7332 - 466, 128, 471, 129
7349 - 471, 129, 477, 131
7366 - 477, 131, 484, 132
7382 - 484, 132, 490, 135
7398 - 490, 135, 492, 136
7416 - 492, 136, 497, 139
7432 - 497, 139, 500, 142
7448 - 500, 142, 505, 144
7465 - 505, 144, 508, 146
7483 - 508, 146, 512, 148
7498 - 512, 148, 514, 149
7516 - 514, 149, 517, 151
7533 - 517, 151, 521, 153
7549 - 521, 153, 526, 155
7566 - 526, 155, 531, 156
7582 - 531, 156, 533, 157
7599 - 533, 157, 536, 159
7615 - 536, 159, 540, 161
7633 - 540, 161, 544, 164
7649 - 544, 164, 547, 166
7666 - 547, 166, 549, 167
7682 - 549, 167, 551, 167
7699 - 551, 167, 552, 168
7715 - 552, 168, 554, 170
7732 - 554, 170, 556, 171
7748 - 556, 171, 557, 173
7765 - 557, 173, 559, 175
7782 - 559, 175, 561, 178
7798 - 561, 178, 563, 180
7815 - 563, 180, 565, 183
7832 - 565, 183, 567, 187
7849 - 567, 187, 569, 190
7866 - 569, 190, 570, 194
7882 - 570, 194, 571, 197
7899 - 571, 197, 573, 200
7915 - 573, 200, 574, 204
7932 - 574, 204, 576, 207
7948 - 576, 207, 576, 211
7965 - 576, 211, 577, 214
7982 - 577, 214, 578, 218
7999 - 578, 218, 579, 222
8015 - 579, 222, 580, 230
8032 - 580, 230, 583, 235
8048 - 583, 235, 583, 238
8065 - 583, 238, 583, 243
8083 - 583, 243, 584, 248
8099 - 584, 248, 584, 254
8116 - 584, 254, 584, 258
8132 - 584, 258, 584, 263
8149 - 584, 263, 582, 266
8165 - 582, 266, 581, 269
8182 - 581, 269, 580, 272
8199 - 580, 272, 578, 275
8216 - 578, 275, 575, 278
8232 - 575, 278, 572, 281
8248 - 572, 281, 570, 283
8265 - 570, 283, 566, 286
8282 - 566, 286, 564, 287
8299 - 564, 287, 561, 288
8315 - 561, 288, 558, 290
8332 - 558, 290, 554, 294
8349 - 554, 294, 550, 297
8366 - 550, 297, 546, 301
8382 - 546, 301, 542, 303
8398 - 542, 303, 539, 305
8415 - 539, 305, 536, 306
8432 - 536, 306, 534, 306
8449 - 534, 306, 530, 307
8466 - 530, 307, 526, 307
8482 - 526, 307, 523, 308
8499 - 523, 308, 520, 308
8515 - 520, 308, 516, 309
8532 - 516, 309, 512, 309
8549 - 512, 309, 507, 309
8565 - 507, 309, 501, 309
8582 - 501, 309, 494, 309
8599 - 494, 309, 489, 309
8615 - 489, 309, 484, 310
8632 - 484, 310, 482, 311
8649 - 482, 311, 479, 311
8665 - 479, 311, 475, 311
8682 - 475, 311, 472, 310
8698 - 472, 310, 469, 309
8716 - 469, 309, 465, 309
8732 - 465, 309, 463, 308
8749 - 463, 308, 459, 307
8766 - 459, 307, 454, 306
8782 - 454, 306, 451, 305
8799 - 451, 305, 446, 303
8816 - 446, 303, 442, 301
8832 - 442, 301, 437, 300
8849 - 437, 300, 434, 298
8866 - 434, 298, 430, 296
8882 - 430, 296, 426, 293
8899 - 426, 293, 422, 290
8916 - 422, 290, 417, 288
8932 - 417, 288, 416, 287
8949 - 416, 287, 413, 285
8966 - 413, 285, 410, 282
8982 - 410, 282, 407, 279
8999 - 407, 279, 404, 276
9015 - 404, 276, 402, 273
9032 - 402, 273, 402, 271
9049 - 402, 271, 401, 269
9066 - 401, 269, 400, 265
9082 - 400, 265, 400, 262
9098 - 400, 262, 399, 258
9116 - 399, 258, 400, 253
9132 - 400, 253, 402, 247
9149 - 402, 247, 402, 241
9166 - 402, 241, 403, 237
9182 - 403, 237, 403, 233
9199 - 403, 233, 404, 227
9215 - 404, 227, 404, 222
9232 - 404, 222, 405, 218
9249 - 405, 218, 405, 215
9266 - 405, 215, 406, 209
9282 - 406, 209, 406, 206
9299 - 406, 206, 407, 204
9315 - 407, 204, 407, 201
9332 - 407, 201, 408, 198
9349 - 408, 198, 410, 194
9366 - 410, 194, 412, 189
9382 - 412, 189, 413, 186
9399 - 413, 186, 414, 185
9415 - 414, 185, 415, 183
9432 - 415, 183, 418, 182
9449 - 418, 182, 420, 180
9466 - 420, 180, 425, 177
9482 - 425, 177, 430, 175
9499 - 430, 175, 435, 173
9516 - 435, 173, 440, 170
9532 - 440, 170, 444, 167
9549 - 444, 167, 448, 165
9565 - 448, 165, 452, 163
9583 - 452, 163, 453, 162
9599 - 453, 162, 456, 162
9616 - 456, 162, 460, 161
9632 - 460, 161, 464, 160
9649 - 464, 160, 469, 159
9666 - 469, 159, 472, 158
9682 - 472, 158, 473, 158
9699 - 473, 158, 476, 158
9716 - 476, 158, 481, 160
9732 - 481, 160, 484, 160
9749 - 484, 160, 487, 160
9766 - 487, 160, 490, 162
9782 - 490, 162, 495, 165
9799 - 495, 165, 500, 167
9816 - 500, 167, 504, 170
9832 - 504, 170, 507, 173
9849 - 507, 173, 509, 176
9866 - 509, 176, 514, 180
9882 - 514, 180, 517, 183
9898 - 517, 183, 520, 187
9916 - 520, 187, 522, 189
9933 - 522, 189, 524, 191
9949 - 524, 191, 526, 192
9966 - 526, 192, 528, 194
9982 - 528, 194, 529, 197
9999 - 529, 197, 530, 200
10015 - 530, 200, 531, 202
10032 - 531, 202, 532, 203
10049 - 532, 203, 533, 205
10065 - 533, 205, 533, 207
10082 - 533, 207, 533, 211
10099 - 533, 211, 533, 215
10116 - 533, 215, 531, 219
10132 - 531, 219, 531, 223
10149 - 531, 223, 530, 226
10166 - 530, 226, 529, 228
10182 - 529, 228, 528, 232
10199 - 528, 232, 526, 236
10215 - 526, 236, 524, 239
10232 - 524, 239, 524, 241
10249 - 524, 241, 523, 243
10265 - 523, 243, 521, 246
10282 - 521, 246, 519, 248
10298 - 519, 248, 518, 250
10316 - 518, 250, 517, 251
10332 - 517, 251, 514, 251
10349 - 514, 251, 512, 253
10365 - 512, 253, 508, 255
10382 - 508, 255, 504, 256
10399 - 504, 256, 500, 257
10416 - 500, 257, 497, 257
10432 - 497, 257, 491, 255
10449 - 491, 255, 488, 254
10466 - 488, 254, 486, 253
10482 - 486, 253, 482, 250
10499 - 482, 250, 477, 247
10515 - 477, 247, 475, 246
10533 - 475, 246, 474, 245
10549 - 474, 245, 474, 245
10566 - 474, 245, 473, 244
10583 - 473, 244, 471, 242
10598 - 471, 242, 471, 242
10615 - 471, 242, 471, 242
10632 - 471, 242, 471, 242
10649 - 471, 242, 471, 242
10665 - 471, 242, 471, 242
10682 - 471, 242, 471, 242
10698 - 471, 242, 471, 242
10716 - 471, 242, 471, 242
10732 - 471, 242, 471, 242
10749 - 471, 242, 471, 242
10766 - 471, 242, 471, 240
10782 - 471, 240, 472, 239
10799 - 472, 239, 473, 237
10816 - 473, 237, 473, 236
10832 - 473, 236, 473, 235
10849 - 473, 235, 473, 235
10865 - 473, 235, 473, 235
10882 - 473, 235, 473, 235
10899 - 473, 235, 473, 235
10916 - 473, 235, 473, 234
10933 - 473, 234, 473, 233
10949 - 473, 233, 473, 233
10966 - 473, 233, 473, 233
11783 - 1619, 946, 1619, 946
11799 - 1619, 946, 1619, 946
11816 - 1619, 946, 1619, 946
11833 - 1619, 946, 1619, 946
11837 - Lines Begun
12915 - 38, 99, 38, 99
12932 - 38, 99, 38, 99
12949 - 38, 99, 47, 99
12965 - 47, 99, 53, 99
12982 - 53, 99, 58, 100
13000 - 58, 100, 65, 100
13016 - 65, 100, 73, 99
13032 - 73, 99, 81, 98
13049 - 81, 98, 90, 98
13066 - 90, 98, 94, 99
13082 - 94, 99, 99, 99
13099 - 99, 99, 108, 99
13116 - 108, 99, 119, 99
13132 - 119, 99, 123, 98
13149 - 123, 98, 126, 98
13166 - 126, 98, 131, 98
13182 - 131, 98, 137, 98
13199 - 137, 98, 147, 99
13216 - 147, 99, 156, 99
13232 - 156, 99, 159, 100
13249 - 159, 100, 164, 100
13265 - 164, 100, 171, 100
13282 - 171, 100, 178, 100
13299 - 178, 100, 185, 100
13316 - 185, 100, 194, 100
13333 - 194, 100, 199, 99
13349 - 199, 99, 209, 99
13365 - 209, 99, 226, 99
13383 - 226, 99, 254, 100
13398 - 254, 100, 272, 102
13416 - 272, 102, 274, 103
13432 - 274, 103, 276, 103
13449 - 276, 103, 279, 103
13465 - 279, 103, 292, 103
13482 - 292, 103, 315, 103
13499 - 315, 103, 334, 102
13515 - 334, 102, 342, 102
13532 - 342, 102, 349, 102
13549 - 349, 102, 356, 102
13566 - 356, 102, 362, 102
13582 - 362, 102, 373, 101
13599 - 373, 101, 387, 99
13615 - 387, 99, 401, 97
13632 - 401, 97, 418, 96
13649 - 418, 96, 437, 93
13666 - 437, 93, 455, 93
13683 - 455, 93, 465, 93
13699 - 465, 93, 473, 93
13716 - 473, 93, 480, 92
13732 - 480, 92, 488, 92
13748 - 488, 92, 500, 92
13766 - 500, 92, 508, 93
13782 - 508, 93, 512, 94
13799 - 512, 94, 515, 94
13815 - 515, 94, 522, 94
13833 - 522, 94, 531, 95
13849 - 531, 95, 543, 96
13866 - 543, 96, 552, 97
13882 - 552, 97, 556, 97
13899 - 556, 97, 561, 98
13916 - 561, 98, 571, 99
13932 - 571, 99, 588, 101
13949 - 588, 101, 609, 102
13965 - 609, 102, 619, 104
13983 - 619, 104, 624, 104
13999 - 624, 104, 628, 104
14015 - 628, 104, 632, 104
14033 - 632, 104, 639, 104
14049 - 639, 104, 649, 104
14066 - 649, 104, 654, 104
14082 - 654, 104, 658, 103
14099 - 658, 103, 666, 101
14116 - 666, 101, 683, 99
14132 - 683, 99, 698, 99
14148 - 698, 99, 702, 101
14166 - 702, 101, 704, 101
14183 - 704, 101, 708, 102
14199 - 708, 102, 712, 102
14216 - 712, 102, 719, 103
14232 - 719, 103, 725, 103
14249 - 725, 103, 729, 104
14266 - 729, 104, 734, 104
14282 - 734, 104, 738, 104
14298 - 738, 104, 742, 105
14315 - 742, 105, 744, 105
14332 - 744, 105, 746, 106
14349 - 746, 106, 748, 106
14365 - 748, 106, 751, 107
14382 - 751, 107, 752, 107
14399 - 752, 107, 753, 108
14415 - 753, 108, 756, 110
14433 - 756, 110, 758, 111
14449 - 758, 111, 759, 112
14466 - 759, 112, 760, 112
14483 - 760, 112, 760, 112
14499 - 760, 112, 760, 113
14516 - 760, 113, 760, 114
14532 - 760, 114, 759, 116
14899 - 758, 146, 757, 147
14916 - 757, 147, 757, 147
14932 - 757, 147, 753, 147
14949 - 753, 147, 748, 148
14965 - 748, 148, 741, 149
14982 - 741, 149, 735, 150
14999 - 735, 150, 730, 151
15016 - 730, 151, 725, 151
15032 - 725, 151, 718, 152
15049 - 718, 152, 710, 154
15065 - 710, 154, 700, 154
15082 - 700, 154, 687, 154
15099 - 687, 154, 675, 155
15115 - 675, 155, 661, 157
15133 - 661, 157, 647, 157
15149 - 647, 157, 625, 157
15166 - 625, 157, 607, 157
15183 - 607, 157, 594, 157
15199 - 594, 157, 578, 157
15215 - 578, 157, 564, 156
15232 - 564, 156, 545, 155
15249 - 545, 155, 517, 153
15266 - 517, 153, 496, 151
15282 - 496, 151, 483, 151
15299 - 483, 151, 477, 153
15315 - 477, 153, 473, 154
15333 - 473, 154, 469, 154
15349 - 469, 154, 466, 154
15365 - 466, 154, 464, 154
15382 - 464, 154, 460, 153
15399 - 460, 153, 451, 153
15415 - 451, 153, 435, 154
15432 - 435, 154, 422, 154
15449 - 422, 154, 413, 154
15466 - 413, 154, 407, 154
15482 - 407, 154, 400, 153
15499 - 400, 153, 393, 153
15516 - 393, 153, 382, 153
15532 - 382, 153, 371, 153
15549 - 371, 153, 354, 153
15566 - 354, 153, 337, 153
15582 - 337, 153, 328, 153
15599 - 328, 153, 323, 153
15615 - 323, 153, 319, 153
15632 - 319, 153, 315, 153
15649 - 315, 153, 306, 154
15665 - 306, 154, 297, 154
15683 - 297, 154, 290, 154
15699 - 290, 154, 283, 155
15716 - 283, 155, 276, 156
15733 - 276, 156, 268, 156
15749 - 268, 156, 258, 156
15765 - 258, 156, 251, 157
15782 - 251, 157, 245, 157
15799 - 245, 157, 237, 157
15815 - 237, 157, 224, 157
15832 - 224, 157, 212, 157
15849 - 212, 157, 203, 158
15866 - 203, 158, 199, 158
15882 - 199, 158, 196, 159
15899 - 196, 159, 189, 159
15915 - 189, 159, 181, 159
15932 - 181, 159, 174, 159
15949 - 174, 159, 171, 159
15966 - 171, 159, 170, 159
15982 - 170, 159, 168, 159
15999 - 168, 159, 165, 160
16016 - 165, 160, 159, 160
16032 - 159, 160, 152, 160
16048 - 152, 160, 145, 160
16065 - 145, 160, 137, 160
16082 - 137, 160, 129, 160
16099 - 129, 160, 115, 161
16115 - 115, 161, 108, 161
16133 - 108, 161, 105, 161
16149 - 105, 161, 102, 161
16166 - 102, 161, 98, 161
16182 - 98, 161, 91, 160
16199 - 91, 160, 87, 160
16216 - 87, 160, 83, 160
16232 - 83, 160, 79, 160
16249 - 79, 160, 74, 161
16265 - 74, 161, 68, 161
16282 - 68, 161, 65, 161
16299 - 65, 161, 63, 161
16316 - 63, 161, 60, 162
16333 - 60, 162, 56, 162
16349 - 56, 162, 53, 162
16366 - 53, 162, 51, 162
16383 - 51, 162, 51, 162
16399 - 51, 162, 48, 162
16416 - 48, 162, 45, 162
16433 - 45, 162, 43, 162
16449 - 43, 162, 42, 162
16465 - 42, 162, 42, 162
16482 - 42, 162, 42, 162
16499 - 42, 162, 42, 162
16515 - 42, 162, 42, 162
16533 - 42, 162, 42, 162
16549 - 42, 162, 42, 162
17249 - 50, 207, 50, 207
17266 - 50, 207, 50, 207
17283 - 50, 207, 54, 207
17299 - 54, 207, 56, 207
17316 - 56, 207, 60, 206
17333 - 60, 206, 64, 206
17349 - 64, 206, 67, 206
17366 - 67, 206, 70, 206
17382 - 70, 206, 73, 206
17399 - 73, 206, 78, 206
17415 - 78, 206, 83, 206
17433 - 83, 206, 87, 206
17449 - 87, 206, 91, 205
17465 - 91, 205, 97, 205
17482 - 97, 205, 105, 205
17499 - 105, 205, 114, 205
17516 - 114, 205, 118, 205
17532 - 118, 205, 124, 204
17549 - 124, 204, 131, 204
17566 - 131, 204, 147, 204
17582 - 147, 204, 163, 205
17599 - 163, 205, 174, 205
17615 - 174, 205, 179, 205
17632 - 179, 205, 187, 205
17649 - 187, 205, 194, 205
17666 - 194, 205, 202, 206
17683 - 202, 206, 210, 206
17699 - 210, 206, 219, 207
17716 - 219, 207, 229, 207
17732 - 229, 207, 238, 208
17749 - 238, 208, 246, 210
17766 - 246, 210, 252, 211
17782 - 252, 211, 259, 212
17799 - 259, 212, 267, 213
17815 - 267, 213, 278, 214
17832 - 278, 214, 283, 215
17849 - 283, 215, 287, 215
17865 - 287, 215, 291, 215
17882 - 291, 215, 296, 215
17899 - 296, 215, 306, 216
17916 - 306, 216, 320, 217
17932 - 320, 217, 327, 217
17949 - 327, 217, 331, 217
17966 - 331, 217, 334, 217
17983 - 334, 217, 336, 217
17999 - 336, 217, 340, 216
18016 - 340, 216, 345, 215
18032 - 345, 215, 350, 214
18049 - 350, 214, 356, 212
18065 - 356, 212, 363, 210
18082 - 363, 210, 372, 210
18099 - 372, 210, 376, 210
18116 - 376, 210, 380, 209
18133 - 380, 209, 384, 208
18149 - 384, 208, 393, 207
18166 - 393, 207, 403, 206
18182 - 403, 206, 408, 206
18199 - 408, 206, 408, 206
18216 - 408, 206, 411, 206
18232 - 411, 206, 414, 206
18249 - 414, 206, 420, 206
18266 - 420, 206, 427, 207
18282 - 427, 207, 432, 207
18299 - 432, 207, 436, 207
18315 - 436, 207, 441, 207
18333 - 441, 207, 446, 206
18350 - 446, 206, 453, 205
18366 - 453, 205, 462, 204
18382 - 462, 204, 468, 204
18399 - 468, 204, 470, 204
18416 - 470, 204, 473, 203
18432 - 473, 203, 477, 202
18449 - 477, 202, 485, 201
18465 - 485, 201, 492, 201
18482 - 492, 201, 498, 201
18499 - 498, 201, 500, 201
18516 - 500, 201, 501, 201
18532 - 501, 201, 505, 202
18549 - 505, 202, 511, 203
18566 - 511, 203, 522, 203
18582 - 522, 203, 531, 204
18599 - 531, 204, 538, 204
18616 - 538, 204, 542, 204
18632 - 542, 204, 545, 204
18649 - 545, 204, 552, 204
18665 - 552, 204, 558, 204
18683 - 558, 204, 564, 205
18699 - 564, 205, 572, 206
18716 - 572, 206, 578, 206
18732 - 578, 206, 586, 206
18749 - 586, 206, 590, 206
18766 - 590, 206, 596, 206
18782 - 596, 206, 601, 206
18799 - 601, 206, 604, 206
18815 - 604, 206, 611, 205
18832 - 611, 205, 618, 205
18849 - 618, 205, 622, 204
18866 - 622, 204, 629, 204
18883 - 629, 204, 634, 204
18899 - 634, 204, 640, 203
18916 - 640, 203, 642, 203
18932 - 642, 203, 645, 202
18949 - 645, 202, 649, 202
18965 - 649, 202, 657, 202
18983 - 657, 202, 666, 201
18999 - 666, 201, 674, 201
19015 - 674, 201, 676, 201
19033 - 676, 201, 678, 201
19049 - 678, 201, 682, 201
19066 - 682, 201, 689, 201
19083 - 689, 201, 695, 201
19099 - 695, 201, 699, 200
19116 - 699, 200, 701, 200
19132 - 701, 200, 705, 200
19149 - 705, 200, 714, 200
19165 - 714, 200, 727, 200
19182 - 727, 200, 736, 200
19199 - 736, 200, 737, 200
19215 - 737, 200, 738, 200
19233 - 738, 200, 739, 200
19249 - 739, 200, 743, 200
19265 - 743, 200, 749, 200
19282 - 749, 200, 751, 200
19299 - 751, 200, 751, 200
19315 - 751, 200, 753, 200
19332 - 753, 200, 755, 200
19349 - 755, 200, 756, 200
19365 - 756, 200, 756, 200
19982 - 1642, 929, 1644, 931
19999 - 1644, 931, 1644, 931
20016 - 1644, 931, 1644, 931
20032 - 1644, 931, 1644, 931
20049 - 1644, 931, 1644, 931
20066 - 1644, 931, 1644, 931
20067 - Test Over
