6422 - Spirals Begun
1931020 - 156, 614, 154, 618, 1012
1937868 - 156, 614, 156, 614, 1012
1943792 - 156, 614, 156, 614, 1050
1949485 - 155, 614, 156, 614, 1128
1955614 - 155, 613, 155, 614, 1167
1959815 - 155, 613, 155, 613, 1221
1965795 - 155, 613, 155, 613, 1248
1970957 - 155, 612, 155, 613, 1286
1976800 - 154, 612, 155, 612, 1297
1981051 - 154, 611, 154, 612, 1308
1987275 - 154, 611, 154, 611, 1340
1990614 - 154, 610, 154, 611, 1362
1994894 - 154, 610, 154, 610, 1384
1999768 - 154, 609, 154, 610, 1406
2005186 - 153, 607, 154, 609, 1442
2008551 - 153, 607, 153, 607, 1460
2015810 - 153, 606, 153, 607, 1479
2019862 - 153, 604, 153, 606, 1513
2023775 - 153, 603, 153, 604, 1530
2028827 - 153, 601, 153, 603, 1547
2035341 - 153, 599, 153, 601, 1581
2038965 - 153, 598, 153, 599, 1598
2043682 - 153, 596, 153, 598, 1615
2051099 - 153, 593, 153, 596, 1637
2059593 - 153, 590, 153, 593, 1659
2065303 - 153, 587, 153, 590, 1687
2070866 - 153, 585, 153, 587, 1701
2076256 - 153, 581, 153, 585, 1721
2085096 - 154, 578, 153, 581, 1734
2089417 - 154, 576, 154, 578, 1741
2103988 - 154, 569, 154, 576, 1757
2107454 - 155, 565, 154, 569, 1776
2111689 - 155, 563, 155, 565, 1789
2117401 - 155, 561, 155, 563, 1802
2133046 - 156, 552, 155, 561, 1844
2139481 - 157, 545, 156, 552, 1888
2147416 - 158, 543, 157, 545, 1905
2153179 - 158, 538, 158, 543, 1937
2158167 - 159, 535, 158, 538, 1966
2170106 - 160, 530, 159, 535, 1992
2176248 - 161, 525, 160, 530, 2016
2181145 - 162, 521, 161, 525, 2033
2187290 - 163, 518, 162, 521, 2038
2191466 - 163, 516, 163, 518, 2043
2197974 - 164, 512, 163, 516, 2050
2204539 - 165, 508, 164, 512, 2056
2212006 - 165, 503, 165, 508, 2059
2218271 - 166, 498, 165, 503, 2059
2224539 - 166, 496, 166, 498, 2060
2227693 - 166, 494, 166, 496, 2063
2233693 - 167, 490, 166, 494, 2069
2239482 - 167, 487, 167, 490, 2072
2244076 - 168, 483, 167, 487, 2079
2250276 - 168, 481, 168, 483, 2083
2256996 - 169, 476, 168, 481, 2094
2261254 - 169, 474, 169, 476, 2101
2267608 - 170, 472, 169, 474, 2108
2272442 - 170, 468, 170, 472, 2117
2278679 - 171, 464, 170, 468, 2121
2286337 - 171, 461, 171, 464, 2123
2290307 - 172, 456, 171, 461, 2130
2293990 - 172, 454, 172, 456, 2133
2300949 - 172, 452, 172, 454, 2137
2305914 - 172, 447, 172, 452, 2144
2312079 - 173, 445, 172, 447, 2148
2318436 - 173, 441, 173, 445, 2163
2324324 - 174, 437, 173, 441, 2185
2329217 - 174, 434, 174, 437, 2197
2335484 - 174, 430, 174, 434, 2210
2340295 - 174, 428, 174, 430, 2216
2344760 - 174, 426, 174, 428, 2223
2351063 - 175, 422, 174, 426, 2258
2357167 - 175, 420, 175, 422, 2275
2361328 - 176, 415, 175, 420, 2293
2367188 - 176, 413, 176, 415, 2294
2371910 - 177, 411, 176, 413, 2295
2378289 - 177, 406, 177, 411, 2299
2383376 - 178, 404, 177, 406, 2303
2389501 - 178, 400, 178, 404, 2311
2392741 - 178, 399, 178, 400, 2311
2398374 - 179, 395, 178, 399, 2312
2405613 - 179, 390, 179, 395, 2313
2409873 - 180, 388, 179, 390, 2313
2415663 - 180, 386, 180, 388, 2313
2421800 - 180, 384, 180, 386, 2313
2425434 - 181, 381, 180, 384, 2312
2431524 - 181, 379, 181, 381, 2312
2437828 - 181, 376, 181, 379, 2311
2443751 - 181, 372, 181, 376, 2311
2450823 - 181, 370, 181, 372, 2311
2456043 - 182, 366, 181, 370, 2316
2459113 - 182, 364, 182, 366, 2318
2465856 - 182, 360, 182, 364, 2333
2470752 - 183, 359, 182, 360, 2346
2476109 - 183, 357, 183, 359, 2359
2479474 - 183, 355, 183, 357, 2372
2485397 - 183, 352, 183, 355, 2384
2490277 - 184, 351, 183, 352, 2390
2498407 - 184, 349, 184, 351, 2402
2504879 - 184, 346, 184, 349, 2413
2510888 - 184, 343, 184, 346, 2419
2516839 - 185, 342, 184, 343, 2419
2522145 - 185, 341, 185, 342, 2419
2526231 - 186, 338, 185, 341, 2414
2533193 - 186, 337, 186, 338, 2410
2538998 - 188, 334, 186, 337, 2402
2548813 - 190, 329, 188, 334, 2349
2556460 - 190, 325, 190, 329, 763
7514416 - 280, 617, 280, 619, 497
7518983 - 280, 617, 280, 617, 497
7524188 - 280, 617, 280, 617, 497
7529072 - 280, 615, 280, 617, 480
7534863 - 280, 614, 280, 615, 472
7540488 - 280, 613, 280, 614, 464
7545078 - 280, 612, 280, 613, 465
7550091 - 280, 612, 280, 612, 466
7554012 - 280, 611, 280, 612, 467
7559072 - 280, 610, 280, 611, 509
7564444 - 280, 609, 280, 610, 530
7568655 - 280, 608, 280, 609, 552
7572703 - 280, 607, 280, 608, 568
7577804 - 280, 606, 280, 607, 584
7580550 - 280, 605, 280, 606, 600
7585123 - 280, 603, 280, 605, 638
7590142 - 280, 602, 280, 603, 661
7595182 - 280, 601, 280, 602, 683
7599243 - 280, 600, 280, 601, 706
7603059 - 280, 599, 280, 600, 729
7608340 - 280, 596, 280, 599, 776
7613886 - 280, 594, 280, 596, 800
7616609 - 280, 592, 280, 594, 818
7620168 - 280, 591, 280, 592, 836
7624314 - 281, 589, 280, 591, 854
7629732 - 281, 587, 281, 589, 873
7632587 - 281, 586, 281, 587, 886
7637407 - 281, 584, 281, 586, 899
7642305 - 281, 583, 281, 584, 912
7647373 - 281, 579, 281, 583, 938
7650731 - 281, 577, 281, 579, 951
7655717 - 281, 575, 281, 577, 964
7660957 - 282, 571, 281, 575, 1004
7665855 - 282, 569, 282, 571, 1032
7668693 - 282, 567, 282, 569, 1059
7675659 - 282, 565, 282, 567, 1087
7680127 - 283, 561, 282, 565, 1134
7684728 - 283, 558, 283, 561, 1157
7690289 - 283, 556, 283, 558, 1181
7695518 - 283, 552, 283, 556, 1224
7699719 - 283, 550, 283, 552, 1245
7705147 - 283, 548, 283, 550, 1267
7710310 - 284, 544, 283, 548, 1296
7714965 - 284, 542, 284, 544, 1310
7719520 - 284, 540, 284, 542, 1325
7726743 - 284, 536, 284, 540, 1350
7731132 - 284, 534, 284, 536, 1363
7735570 - 284, 530, 284, 534, 1383
7740921 - 284, 529, 284, 530, 1391
7746152 - 284, 527, 284, 529, 1398
7748888 - 284, 525, 284, 527, 1406
7752705 - 284, 523, 284, 525, 1429
7758166 - 284, 521, 284, 523, 1452
7764686 - 284, 517, 284, 521, 1499
7768712 - 284, 515, 284, 517, 1518
7775398 - 284, 512, 284, 515, 1556
7781166 - 284, 508, 284, 512, 1592
7785870 - 284, 506, 284, 508, 1609
7790199 - 284, 504, 284, 506, 1626
7797276 - 284, 500, 284, 504, 1660
7800488 - 284, 499, 284, 500, 1677
7805607 - 284, 497, 284, 499, 1694
7812096 - 284, 494, 284, 497, 1722
7816011 - 284, 493, 284, 494, 1733
7819311 - 284, 491, 284, 493, 1744
7825914 - 283, 487, 284, 491, 1778
7831678 - 283, 485, 283, 487, 1801
7836900 - 283, 483, 283, 485, 1824
7843118 - 283, 479, 283, 483, 1870
7848178 - 283, 476, 283, 479, 1915
7854539 - 282, 474, 283, 476, 1938
7860708 - 282, 470, 282, 474, 1979
7864937 - 282, 468, 282, 470, 1999
7869282 - 282, 466, 282, 468, 2020
7873716 - 282, 464, 282, 466, 2037
7879332 - 281, 459, 282, 464, 2073
7885072 - 281, 457, 281, 459, 2091
7890693 - 281, 453, 281, 457, 2115
7895443 - 281, 451, 281, 453, 2127
7899645 - 281, 449, 281, 451, 2140
7902706 - 281, 447, 281, 449, 2142
7908150 - 281, 445, 281, 447, 2145
7912202 - 281, 443, 281, 445, 2147
7916761 - 280, 438, 281, 443, 2154
7919752 - 280, 435, 280, 438, 2159
7924713 - 280, 433, 280, 435, 2163
7930199 - 280, 430, 280, 433, 2168
7934444 - 280, 426, 280, 430, 2176
7940045 - 280, 423, 280, 426, 2180
7944618 - 279, 421, 280, 423, 2184
7948397 - 279, 419, 279, 421, 2191
7951837 - 279, 416, 279, 419, 2198
7956310 - 279, 414, 279, 416, 2205
7962302 - 279, 408, 279, 414, 2217
7968122 - 279, 406, 279, 408, 2221
7972577 - 279, 404, 279, 406, 2225
7977889 - 279, 400, 279, 404, 2236
7983068 - 279, 398, 279, 400, 2244
7986191 - 279, 395, 279, 398, 2252
7993050 - 278, 390, 279, 395, 2267
7997674 - 278, 388, 278, 390, 2275
8001886 - 278, 386, 278, 388, 2282
8007475 - 278, 381, 278, 386, 2302
8011923 - 278, 379, 278, 381, 2315
8015688 - 278, 376, 278, 379, 2328
8019949 - 278, 374, 278, 376, 2341
8024862 - 278, 369, 278, 374, 2371
8031255 - 278, 366, 278, 369, 2386
8035778 - 277, 361, 278, 366, 2416
8041191 - 277, 359, 277, 361, 2432
8045823 - 277, 356, 277, 359, 2447
8051538 - 277, 352, 277, 356, 2469
8056150 - 277, 349, 277, 352, 2476
8061557 - 277, 347, 277, 349, 2483
8065705 - 277, 342, 277, 347, 2500
8070004 - 277, 340, 277, 342, 2511
8075432 - 277, 338, 277, 340, 2521
8081365 - 277, 336, 277, 338, 2532
8084924 - 277, 332, 277, 336, 2540
8090420 - 278, 330, 277, 332, 2544
8095854 - 278, 326, 278, 330, 2550
8101168 - 278, 324, 278, 326, 2552
8104658 - 278, 321, 278, 324, 2554
8111016 - 278, 317, 278, 321, 2559
8116746 - 278, 315, 278, 317, 2563
8120367 - 279, 313, 278, 315, 2566
8129520 - 279, 309, 279, 313, 2571
8133098 - 279, 306, 279, 309, 2574
8140857 - 280, 303, 279, 306, 2576
8145411 - 280, 301, 280, 303, 2576
8149721 - 280, 300, 280, 301, 2576
8154199 - 280, 299, 280, 300, 2576
8158999 - 280, 297, 280, 299, 2576
8164284 - 281, 296, 280, 297, 2576
8168576 - 281, 295, 281, 296, 2576
8174041 - 281, 294, 281, 295, 2575
8179287 - 282, 293, 281, 294, 2574
8185242 - 282, 293, 282, 293, 2574
8188808 - 282, 293, 282, 293, 2569
8196272 - 283, 292, 282, 293, 2560
8200789 - 284, 291, 283, 292, 2556
8205482 - 285, 290, 284, 291, 2516
8211439 - 286, 290, 285, 290, 2496
8218311 - 287, 290, 286, 290, 799
8902927 - 763, 647, 765, 639, 1953
8908612 - 763, 647, 763, 647, 1953
8915298 - 763, 647, 763, 647, 2245
8922223 - 764, 645, 763, 647, 2405
8931331 - 764, 644, 764, 645, 2529
8937585 - 765, 641, 764, 644, 2567
8947262 - 765, 639, 765, 641, 2518
8953060 - 765, 638, 765, 639, 803
8968632 - Lines Begun
9393132 - 396, 495, 392, 491, 1819
9398538 - 396, 495, 396, 495, 1819
9403379 - 396, 495, 396, 495, 1763
9406518 - 396, 495, 396, 495, 1708
9410642 - 396, 495, 396, 495, 1652
9415758 - 396, 495, 396, 495, 1597
9420436 - 396, 495, 396, 495, 1498
9426445 - 396, 495, 396, 495, 1449
9431046 - 396, 495, 396, 495, 1400
9433350 - 397, 496, 396, 495, 1453
9436713 - 398, 497, 397, 496, 1507
9440157 - 398, 497, 398, 497, 1561
9446552 - 400, 498, 398, 497, 1615
9449794 - 403, 499, 400, 498, 1657
9452790 - 405, 500, 403, 499, 1700
9455392 - 407, 500, 405, 500, 1743
9461921 - 408, 500, 407, 500, 1786
9465487 - 410, 500, 408, 500, 1831
9469374 - 411, 500, 410, 500, 1876
9471717 - 413, 500, 411, 500, 1921
9476835 - 415, 499, 413, 500, 1966
9480963 - 418, 497, 415, 499, 2030
9485445 - 420, 496, 418, 497, 2062
9490618 - 421, 494, 420, 496, 2095
9495022 - 423, 493, 421, 494, 2102
9498304 - 424, 491, 423, 493, 2110
9501434 - 425, 489, 424, 491, 2117
9506343 - 426, 486, 425, 489, 2125
9513696 - 428, 480, 426, 486, 2125
9517458 - 429, 476, 428, 480, 2125
9521488 - 430, 472, 429, 476, 2125
9525500 - 431, 468, 430, 472, 2110
9529908 - 433, 459, 431, 468, 2080
9538012 - 434, 449, 433, 459, 2058
9542305 - 435, 445, 434, 449, 2052
9546559 - 437, 441, 435, 445, 2045
9550426 - 438, 436, 437, 441, 2039
9553898 - 439, 432, 438, 436, 2032
9556594 - 440, 429, 439, 432, 2025
9561692 - 442, 426, 440, 429, 2018
9566831 - 443, 424, 442, 426, 2012
9570288 - 444, 422, 443, 424, 2003
9572468 - 445, 420, 444, 422, 1995
9577576 - 447, 419, 445, 420, 1986
9581662 - 448, 419, 447, 419, 1978
9587250 - 452, 419, 448, 419, 1963
9591232 - 454, 419, 452, 419, 1956
9597153 - 456, 420, 454, 419, 1949
9601316 - 460, 423, 456, 420, 1940
9607465 - 463, 426, 460, 423, 1935
9614198 - 467, 432, 463, 426, 1926
9619191 - 470, 435, 467, 432, 1921
9622915 - 472, 439, 470, 435, 1916
9628817 - 477, 447, 472, 439, 1910
9632858 - 479, 450, 477, 447, 1908
9637885 - 481, 454, 479, 450, 1906
9641996 - 484, 458, 481, 454, 1905
9646549 - 486, 461, 484, 458, 1905
9651381 - 490, 466, 486, 461, 1905
9657560 - 494, 470, 490, 466, 1912
9663157 - 495, 472, 494, 470, 1919
9667597 - 497, 473, 495, 472, 1926
9672487 - 500, 473, 497, 473, 1942
9676996 - 502, 473, 500, 473, 1951
9682465 - 503, 472, 502, 473, 1960
9686113 - 505, 471, 503, 472, 1969
9689320 - 506, 469, 505, 471, 1977
9693081 - 507, 467, 506, 469, 1985
9698071 - 509, 464, 507, 467, 1993
9701041 - 510, 461, 509, 464, 2002
9705218 - 511, 458, 510, 461, 2014
9710177 - 513, 450, 511, 458, 2040
9716583 - 514, 446, 513, 450, 2053
9720876 - 516, 438, 514, 446, 2083
9726135 - 517, 434, 516, 438, 2098
9730725 - 519, 430, 517, 434, 2113
9734593 - 520, 427, 519, 430, 2116
9737077 - 522, 424, 520, 427, 2120
9741200 - 524, 422, 522, 424, 2123
9747136 - 525, 420, 524, 422, 2127
9751365 - 529, 418, 525, 420, 2129
9755506 - 532, 417, 529, 418, 2130
9762210 - 534, 417, 532, 417, 2131
9766348 - 539, 417, 534, 417, 2166
9770383 - 541, 418, 539, 417, 2183
9779154 - 547, 419, 541, 418, 2208
9783991 - 549, 420, 547, 419, 2216
9786484 - 552, 422, 549, 420, 2224
9791374 - 556, 423, 552, 422, 2232
9796126 - 562, 427, 556, 423, 2238
9801141 - 565, 429, 562, 427, 2241
9805711 - 569, 432, 565, 429, 2244
9810090 - 573, 434, 569, 432, 741
10080881 - 702, 635, 698, 632, 1471
10086951 - 702, 635, 702, 635, 1471
10090731 - 702, 635, 702, 635, 1471
10095832 - 702, 635, 702, 635, 1554
10099771 - 702, 635, 702, 635, 1637
10103240 - 702, 635, 702, 635, 1720
10107181 - 701, 634, 702, 635, 1803
10111458 - 701, 632, 701, 634, 1859
10116745 - 701, 632, 701, 632, 1887
10121422 - 700, 629, 701, 632, 1915
10126225 - 698, 623, 700, 629, 1860
10131604 - 697, 620, 698, 623, 1832
10137892 - 696, 618, 697, 620, 1805
10141927 - 695, 615, 696, 618, 631
10152503 - Test Over
