3493 - Spirals Begun
4830 - 294, 239, 294, 240
4845 - 294, 240, 294, 240
4896 - 294, 240, 294, 240
4959 - 294, 240, 294, 239
5013 - 294, 239, 297, 213
5065 - 297, 213, 303, 193
5136 - 303, 193, 310, 176
5197 - 310, 176, 321, 160
5248 - 321, 160, 328, 149
5306 - 328, 149, 336, 137
5363 - 336, 137, 348, 124
5401 - 348, 124, 358, 112
5469 - 358, 112, 366, 105
5523 - 366, 105, 374, 97
5581 - 374, 97, 387, 90
5633 - 387, 90, 395, 87
5681 - 395, 87, 405, 83
5735 - 405, 83, 414, 82
5796 - 414, 82, 426, 81
5848 - 426, 81, 456, 80
5900 - 456, 80, 481, 81
5945 - 481, 81, 512, 89
5998 - 512, 89, 539, 98
6054 - 539, 98, 556, 106
6106 - 556, 106, 566, 112
6158 - 566, 112, 575, 120
6214 - 575, 120, 585, 125
6266 - 585, 125, 593, 131
6319 - 593, 131, 598, 139
6371 - 598, 139, 604, 157
6423 - 604, 157, 609, 186
6476 - 609, 186, 610, 209
6534 - 610, 209, 612, 227
6584 - 612, 227, 614, 252
6638 - 614, 252, 614, 280
6690 - 614, 280, 614, 318
6741 - 614, 318, 610, 338
6797 - 610, 338, 606, 351
6849 - 606, 351, 602, 357
6902 - 602, 357, 597, 360
6960 - 597, 360, 588, 363
7004 - 588, 363, 576, 368
7078 - 576, 368, 563, 370
7128 - 563, 370, 527, 371
7180 - 527, 371, 514, 371
7240 - 514, 371, 491, 369
7294 - 491, 369, 452, 364
7352 - 452, 364, 429, 360
7405 - 429, 360, 402, 354
7463 - 402, 354, 390, 350
7485 - 390, 350, 384, 345
7522 - 384, 345, 381, 343
7592 - 381, 343, 380, 341
7649 - 380, 341, 369, 321
7701 - 369, 321, 366, 311
7748 - 366, 311, 360, 298
7788 - 360, 298, 356, 274
7855 - 356, 274, 353, 253
7906 - 353, 253, 351, 211
7964 - 351, 211, 353, 197
8017 - 353, 197, 355, 193
8069 - 355, 193, 361, 185
8133 - 361, 185, 370, 174
8182 - 370, 174, 389, 158
8238 - 389, 158, 410, 143
8290 - 410, 143, 435, 129
8343 - 435, 129, 446, 128
8392 - 446, 128, 461, 128
8449 - 461, 128, 483, 128
8500 - 483, 128, 507, 128
8551 - 507, 128, 523, 131
8603 - 523, 131, 535, 140
8655 - 535, 140, 550, 152
8730 - 550, 152, 559, 161
8794 - 559, 161, 572, 179
8844 - 572, 179, 575, 193
8899 - 575, 193, 578, 202
8954 - 578, 202, 578, 218
9006 - 578, 218, 578, 241
9058 - 578, 241, 574, 264
9111 - 574, 264, 569, 293
9167 - 569, 293, 566, 304
9220 - 566, 304, 562, 312
9274 - 562, 312, 557, 315
9327 - 557, 315, 552, 317
9381 - 552, 317, 544, 320
9435 - 544, 320, 524, 327
9471 - 524, 327, 507, 332
9520 - 507, 332, 492, 333
9588 - 492, 333, 473, 333
9639 - 473, 333, 449, 323
9691 - 449, 323, 436, 313
9743 - 436, 313, 420, 295
9800 - 420, 295, 406, 274
9851 - 406, 274, 397, 249
9904 - 397, 249, 392, 234
9939 - 392, 234, 390, 213
10006 - 390, 213, 390, 202
10064 - 390, 202, 392, 194
10112 - 392, 194, 399, 190
10161 - 399, 190, 410, 183
10217 - 410, 183, 430, 174
10271 - 430, 174, 452, 170
10324 - 452, 170, 478, 170
10378 - 478, 170, 513, 173
10435 - 513, 173, 525, 176
10486 - 525, 176, 532, 184
10534 - 532, 184, 541, 197
10602 - 541, 197, 545, 210
10662 - 545, 210, 545, 216
10696 - 545, 216, 545, 224
10744 - 545, 224, 542, 238
10817 - 542, 238, 540, 245
10854 - 540, 245, 534, 249
10918 - 534, 249, 526, 249
10946 - 526, 249, 507, 249
10999 - 507, 249, 496, 248
11037 - 496, 248, 496, 248
11094 - 496, 248, 496, 248
11158 - 496, 248, 496, 248
11244 - 496, 248, 437, 203
12505 - 1465, 933, 1465, 933
12565 - 1465, 933, 1465, 933
12575 - Lines Begun
14211 - 37, 96, 37, 96
14247 - 37, 96, 170, 96
14298 - 170, 96, 198, 94
14364 - 198, 94, 287, 88
14424 - 287, 88, 426, 79
14486 - 426, 79, 480, 77
14538 - 480, 77, 608, 77
14590 - 608, 77, 662, 87
14649 - 662, 87, 691, 96
14695 - 691, 96, 711, 100
14757 - 711, 100, 716, 101
14783 - 716, 101, 723, 101
14835 - 723, 101, 725, 101
14872 - 725, 101, 730, 102
14931 - 730, 102, 737, 103
15010 - 737, 103, 742, 103
15056 - 742, 103, 765, 109
15123 - 765, 109, 766, 109
16467 - 48, 164, 48, 164
16521 - 48, 164, 123, 164
16557 - 123, 164, 222, 164
16625 - 222, 164, 296, 164
16674 - 296, 164, 446, 164
16724 - 446, 164, 525, 164
16781 - 525, 164, 596, 167
16817 - 596, 167, 649, 168
16866 - 649, 168, 681, 168
16931 - 681, 168, 720, 167
16988 - 720, 167, 750, 167
17029 - 750, 167, 762, 167
17094 - 762, 167, 767, 167
17149 - 767, 167, 775, 166
17183 - 775, 166, 778, 166
17232 - 778, 166, 778, 166
17283 - 778, 166, 778, 166
19137 - 49, 202, 49, 202
19205 - 49, 202, 49, 202
19245 - 49, 202, 82, 202
19305 - 82, 202, 122, 202
19346 - 122, 202, 204, 201
19405 - 204, 201, 240, 201
19465 - 240, 201, 297, 201
19513 - 297, 201, 344, 196
19569 - 344, 196, 404, 190
19621 - 404, 190, 465, 190
19675 - 465, 190, 516, 190
19732 - 516, 190, 589, 193
19776 - 589, 193, 649, 194
19837 - 649, 194, 665, 195
19873 - 665, 195, 749, 202
19939 - 749, 202, 772, 203
19992 - 772, 203, 796, 207
20904 - 1415, 909, 1422, 911
20959 - 1422, 911, 1422, 911
20962 - Test Over
