8828 - Spirals Begun
15344 - 296, 241, 296, 241
15362 - 296, 241, 296, 241
15388 - 296, 241, 296, 241
15420 - 296, 241, 296, 241
15473 - 296, 241, 296, 241
15503 - 296, 241, 296, 241
15535 - 296, 241, 296, 238
15557 - 296, 238, 296, 229
15613 - 296, 229, 296, 225
15641 - 296, 225, 297, 215
15672 - 297, 215, 298, 212
15725 - 298, 212, 298, 210
15751 - 298, 210, 299, 206
15789 - 299, 206, 300, 202
15821 - 300, 202, 303, 196
15860 - 303, 196, 310, 186
15888 - 310, 186, 315, 177
15919 - 315, 177, 322, 167
15962 - 322, 167, 327, 160
16008 - 327, 160, 331, 151
16037 - 331, 151, 337, 141
16069 - 337, 141, 340, 135
16128 - 340, 135, 342, 133
16155 - 342, 133, 348, 124
16186 - 348, 124, 351, 121
16208 - 351, 121, 355, 115
16261 - 355, 115, 357, 113
16283 - 357, 113, 364, 108
16327 - 364, 108, 365, 107
16373 - 365, 107, 371, 105
16403 - 371, 105, 386, 96
16436 - 386, 96, 396, 92
16479 - 396, 92, 405, 89
16506 - 405, 89, 410, 89
16540 - 410, 89, 416, 87
16570 - 416, 87, 436, 84
16600 - 436, 84, 444, 83
16630 - 444, 83, 449, 83
16656 - 449, 83, 456, 82
16721 - 456, 82, 465, 81
16758 - 465, 81, 476, 80
16781 - 476, 80, 491, 78
16807 - 491, 78, 496, 77
16870 - 496, 77, 501, 77
16891 - 501, 77, 514, 77
16946 - 514, 77, 518, 77
16968 - 518, 77, 526, 77
17011 - 526, 77, 531, 81
17056 - 531, 81, 537, 86
17085 - 537, 86, 549, 96
17116 - 549, 96, 558, 105
17143 - 558, 105, 562, 109
17173 - 562, 109, 568, 117
17226 - 568, 117, 573, 124
17253 - 573, 124, 578, 135
17290 - 578, 135, 580, 138
17337 - 580, 138, 583, 143
17358 - 583, 143, 585, 152
17413 - 585, 152, 586, 153
17440 - 586, 153, 586, 156
17470 - 586, 156, 587, 156
17495 - 587, 156, 587, 157
17544 - 587, 157, 587, 157
17570 - 587, 157, 587, 159
17600 - 587, 159, 587, 161
17645 - 587, 161, 585, 165
17679 - 585, 165, 580, 172
17729 - 580, 172, 573, 184
17756 - 573, 184, 568, 203
17792 - 568, 203, 566, 209
17824 - 566, 209, 564, 217
17856 - 564, 217, 563, 218
17887 - 563, 218, 561, 219
17917 - 561, 219, 561, 219
17953 - 561, 219, 561, 219
17992 - 561, 219, 561, 219
18048 - 561, 219, 561, 219
18073 - 561, 219, 561, 219
18105 - 561, 219, 561, 219
18158 - 561, 219, 561, 219
18195 - 561, 219, 561, 219
18221 - 561, 219, 561, 219
18250 - 561, 219, 561, 219
18285 - 561, 219, 561, 219
18339 - 561, 219, 561, 219
18368 - 561, 219, 561, 219
18405 - 561, 219, 561, 219
18436 - 561, 219, 561, 219
18473 - 561, 219, 561, 219
18525 - 561, 219, 561, 219
18552 - 561, 219, 561, 219
18582 - 561, 219, 561, 219
18609 - 561, 219, 561, 219
18673 - 561, 219, 561, 219
18699 - 561, 219, 561, 219
18908 - 504, 269, 504, 269
18967 - 504, 269, 504, 269
18988 - 504, 269, 504, 269
19031 - 504, 269, 504, 269
19078 - 504, 269, 504, 269
19105 - 504, 269, 504, 266
19135 - 504, 266, 503, 258
19172 - 503, 258, 495, 248
19226 - 495, 248, 488, 237
19248 - 488, 237, 477, 232
19274 - 477, 232, 475, 232
19337 - 475, 232, 471, 232
19364 - 471, 232, 465, 252
19418 - 465, 252, 465, 259
19457 - 465, 259, 465, 272
19489 - 465, 272, 465, 284
19522 - 465, 284, 476, 299
19579 - 476, 299, 486, 305
19607 - 486, 305, 599, 328
19633 - 599, 328, 633, 323
19668 - 633, 323, 672, 310
19703 - 672, 310, 724, 277
19734 - 724, 277, 731, 264
19770 - 731, 264, 731, 260
19792 - 731, 260, 731, 257
19858 - 731, 257, 722, 249
19893 - 722, 249, 714, 245
19925 - 714, 245, 696, 230
19980 - 696, 230, 700, 228
20005 - 700, 228, 742, 227
20047 - 742, 227, 796, 227
20093 - 796, 227, 837, 227
20116 - 837, 227, 882, 241
20151 - 882, 241, 891, 248
20205 - 891, 248, 903, 260
20235 - 903, 260, 906, 287
20264 - 906, 287, 902, 293
20302 - 902, 293, 896, 299
20336 - 896, 299, 886, 304
20366 - 886, 304, 834, 319
20394 - 834, 319, 819, 316
20456 - 819, 316, 815, 310
20484 - 815, 310, 816, 265
20520 - 816, 265, 847, 206
20568 - 847, 206, 898, 156
20589 - 898, 156, 932, 150
20646 - 932, 150, 944, 150
20673 - 944, 150, 988, 180
20704 - 988, 180, 1013, 206
20747 - 1013, 206, 1025, 227
20796 - 1025, 227, 1028, 247
20828 - 1028, 247, 1012, 271
20859 - 1012, 271, 985, 283
20911 - 985, 283, 938, 297
20938 - 938, 297, 881, 310
20987 - 881, 310, 868, 313
21024 - 868, 313, 855, 316
21056 - 855, 316, 853, 317
21095 - 853, 317, 853, 317
21122 - 853, 317, 853, 317
21156 - 853, 317, 853, 318
21219 - 853, 318, 853, 319
21252 - 853, 319, 855, 327
21277 - 855, 327, 855, 333
21339 - 855, 333, 847, 352
21359 - 847, 352, 832, 388
21386 - 832, 388, 822, 419
21443 - 822, 419, 822, 423
21467 - 822, 423, 829, 423
21502 - 829, 423, 850, 413
21556 - 850, 413, 885, 395
21596 - 885, 395, 931, 358
21622 - 931, 358, 937, 339
21658 - 937, 339, 937, 337
21685 - 937, 337, 927, 328
21707 - 927, 328, 916, 322
21758 - 916, 322, 904, 314
21793 - 904, 314, 890, 306
21825 - 890, 306, 769, 294
21878 - 769, 294, 703, 309
21905 - 703, 309, 614, 348
21941 - 614, 348, 589, 362
21973 - 589, 362, 579, 374
22026 - 579, 374, 570, 388
22054 - 570, 388, 562, 404
22089 - 562, 404, 561, 407
22125 - 561, 407, 561, 406
22155 - 561, 406, 561, 395
22176 - 561, 395, 560, 377
22229 - 560, 377, 555, 367
22256 - 555, 367, 538, 334
22293 - 538, 334, 532, 313
22328 - 532, 313, 530, 298
22357 - 530, 298, 528, 283
22410 - 528, 283, 527, 271
22446 - 527, 271, 526, 258
22468 - 526, 258, 526, 254
22495 - 526, 254, 526, 253
22556 - 526, 253, 526, 250
22580 - 526, 250, 526, 248
22631 - 526, 248, 526, 246
22657 - 526, 246, 546, 229
22694 - 546, 229, 565, 223
22743 - 565, 223, 627, 211
22772 - 627, 211, 729, 216
22809 - 729, 216, 770, 247
22839 - 770, 247, 797, 282
22861 - 797, 282, 809, 315
22918 - 809, 315, 810, 329
22965 - 810, 329, 787, 366
22987 - 787, 366, 711, 409
23025 - 711, 409, 657, 425
23079 - 657, 425, 608, 422
23106 - 608, 422, 572, 356
23141 - 572, 356, 585, 296
23172 - 585, 296, 634, 234
23214 - 634, 234, 694, 192
23259 - 694, 192, 762, 178
23288 - 762, 178, 852, 180
23322 - 852, 180, 903, 210
23359 - 903, 210, 952, 268
23388 - 952, 268, 976, 304
23410 - 976, 304, 981, 317
23446 - 981, 317, 983, 326
23496 - 983, 326, 983, 333
23518 - 983, 333, 950, 361
23544 - 950, 361, 930, 369
23607 - 930, 369, 873, 389
23645 - 873, 389, 818, 395
23667 - 818, 395, 794, 368
23694 - 794, 368, 792, 351
23757 - 792, 351, 793, 322
23794 - 793, 322, 832, 280
23818 - 832, 280, 891, 246
23842 - 891, 246, 956, 227
23905 - 956, 227, 987, 222
23942 - 987, 222, 1066, 233
23966 - 1066, 233, 1133, 294
23991 - 1133, 294, 1157, 323
24061 - 1157, 323, 1164, 331
24093 - 1164, 331, 1181, 361
31764 - 1355, 886, 1355, 886
31795 - 1355, 886, 1355, 886
31801 - Lines Begun
33325 - 51, 96, 51, 96
33362 - 51, 96, 51, 96
33412 - 51, 96, 51, 96
33442 - 51, 96, 63, 96
33479 - 63, 96, 104, 96
33524 - 104, 96, 162, 96
33549 - 162, 96, 223, 96
33604 - 223, 96, 279, 96
33630 - 279, 96, 380, 96
33661 - 380, 96, 450, 91
33683 - 450, 91, 513, 90
33737 - 513, 90, 533, 90
33777 - 533, 90, 582, 95
33815 - 582, 95, 597, 100
34329 - 107, 138, 107, 138
34365 - 107, 138, 107, 138
34396 - 107, 138, 123, 138
34438 - 123, 138, 238, 138
34486 - 238, 138, 594, 138
34512 - 594, 138, 927, 138
34544 - 927, 138, 947, 138
35540 - 1361, 955, 1360, 955
35566 - 1360, 955, 1360, 955
35626 - 1360, 955, 1360, 955
35630 - Test Over
