1687 - Spirals Begun
1892 - 544, 288, 544, 288
1906 - 544, 288, 544, 288
1922 - 544, 288, 544, 294
1939 - 544, 294, 546, 298
1956 - 546, 298, 547, 302
1972 - 547, 302, 547, 312
1989 - 547, 312, 547, 326
2006 - 547, 326, 551, 348
2023 - 551, 348, 558, 374
2039 - 558, 374, 573, 405
2056 - 573, 405, 593, 433
2073 - 593, 433, 603, 444
2090 - 603, 444, 614, 452
2106 - 614, 452, 622, 456
2122 - 622, 456, 638, 460
2139 - 638, 460, 663, 462
2155 - 663, 462, 686, 462
2172 - 686, 462, 689, 459
2190 - 689, 459, 690, 456
2206 - 690, 456, 692, 455
2222 - 692, 455, 695, 454
2239 - 695, 454, 703, 456
2256 - 703, 456, 707, 457
2273 - 707, 457, 707, 458
2290 - 707, 458, 707, 459
2305 - 707, 459, 707, 464
2322 - 707, 464, 707, 471
2340 - 707, 471, 704, 479
2356 - 704, 479, 694, 486
2372 - 694, 486, 680, 491
2389 - 680, 491, 676, 492
2405 - 676, 492, 673, 491
2422 - 673, 491, 667, 483
2439 - 667, 483, 661, 467
2456 - 661, 467, 657, 438
2472 - 657, 438, 663, 421
2489 - 663, 421, 676, 409
2506 - 676, 409, 695, 403
2523 - 695, 403, 701, 403
2539 - 701, 403, 703, 406
2556 - 703, 406, 706, 414
2573 - 706, 414, 708, 427
2589 - 708, 427, 709, 448
2606 - 709, 448, 703, 463
2622 - 703, 463, 684, 473
2639 - 684, 473, 642, 481
2656 - 642, 481, 606, 481
2672 - 606, 481, 576, 477
2690 - 576, 477, 549, 468
2706 - 549, 468, 524, 462
2722 - 524, 462, 504, 454
2739 - 504, 454, 483, 453
2756 - 483, 453, 476, 454
2772 - 476, 454, 474, 457
2789 - 474, 457, 473, 464
2805 - 473, 464, 474, 476
2822 - 474, 476, 479, 493
2839 - 479, 493, 490, 516
2856 - 490, 516, 517, 550
2872 - 517, 550, 557, 579
2889 - 557, 579, 599, 593
2905 - 599, 593, 618, 592
2923 - 618, 592, 620, 584
2939 - 620, 584, 614, 567
2956 - 614, 567, 593, 541
2973 - 593, 541, 573, 517
2989 - 573, 517, 552, 492
3006 - 552, 492, 539, 474
3023 - 539, 474, 535, 467
3039 - 535, 467, 535, 466
3055 - 535, 466, 547, 469
3073 - 547, 469, 588, 484
3090 - 588, 484, 647, 512
3106 - 647, 512, 673, 534
3122 - 673, 534, 676, 543
3139 - 676, 543, 668, 552
3156 - 668, 552, 650, 563
3172 - 650, 563, 630, 568
3189 - 630, 568, 602, 570
3206 - 602, 570, 561, 561
3223 - 561, 561, 548, 557
3239 - 548, 557, 544, 549
3256 - 544, 549, 544, 539
3273 - 544, 539, 551, 529
3289 - 551, 529, 569, 516
3306 - 569, 516, 599, 511
3323 - 599, 511, 638, 515
3339 - 638, 515, 675, 528
3356 - 675, 528, 692, 543
3372 - 692, 543, 696, 553
3389 - 696, 553, 696, 560
3406 - 696, 560, 694, 564
3422 - 694, 564, 691, 567
3440 - 691, 567, 688, 568
3456 - 688, 568, 686, 567
3473 - 686, 567, 685, 566
3489 - 685, 566, 684, 563
3506 - 684, 563, 690, 559
3523 - 690, 559, 718, 559
3539 - 718, 559, 783, 572
3556 - 783, 572, 833, 588
3572 - 833, 588, 865, 608
3589 - 865, 608, 882, 628
3606 - 882, 628, 882, 642
3622 - 882, 642, 868, 653
3639 - 868, 653, 837, 656
3656 - 837, 656, 804, 654
3673 - 804, 654, 794, 650
3689 - 794, 650, 787, 638
3705 - 787, 638, 784, 624
3723 - 784, 624, 781, 608
3739 - 781, 608, 791, 591
3756 - 791, 591, 831, 581
3772 - 831, 581, 901, 583
3789 - 901, 583, 979, 603
3806 - 979, 603, 1043, 635
3823 - 1043, 635, 1065, 663
3839 - 1065, 663, 1066, 686
3856 - 1066, 686, 1052, 706
3872 - 1052, 706, 1026, 719
3889 - 1026, 719, 986, 726
3906 - 986, 726, 924, 722
3922 - 924, 722, 888, 716
3940 - 888, 716, 883, 715
3955 - 883, 715, 881, 708
3973 - 881, 708, 885, 697
3990 - 885, 697, 906, 688
4006 - 906, 688, 934, 687
4022 - 934, 687, 993, 700
4039 - 993, 700, 1067, 722
4056 - 1067, 722, 1121, 748
4073 - 1121, 748, 1139, 768
4090 - 1139, 768, 1136, 778
4106 - 1136, 778, 1104, 786
4123 - 1104, 786, 1042, 790
4140 - 1042, 790, 984, 790
4156 - 984, 790, 964, 790
4172 - 964, 790, 957, 790
4190 - 957, 790, 953, 789
4206 - 953, 789, 951, 789
4222 - 951, 789, 950, 789
4239 - 950, 789, 962, 789
4256 - 962, 789, 1011, 798
4272 - 1011, 798, 1077, 812
4289 - 1077, 812, 1133, 828
4306 - 1133, 828, 1179, 848
4322 - 1179, 848, 1193, 861
4339 - 1193, 861, 1194, 874
4356 - 1194, 874, 1193, 888
4373 - 1193, 888, 1182, 900
4389 - 1182, 900, 1145, 909
4406 - 1145, 909, 1084, 911
4422 - 1084, 911, 1040, 909
4439 - 1040, 909, 1017, 901
4456 - 1017, 901, 1008, 887
4472 - 1008, 887, 1007, 873
4489 - 1007, 873, 1012, 861
4505 - 1012, 861, 1032, 850
4522 - 1032, 850, 1073, 849
4539 - 1073, 849, 1128, 857
4556 - 1128, 857, 1194, 875
4573 - 1194, 875, 1240, 897
4590 - 1240, 897, 1262, 918
4606 - 1262, 918, 1265, 932
4623 - 1265, 932, 1267, 947
4639 - 1267, 947, 1269, 963
4656 - 1269, 963, 1268, 972
4672 - 1268, 972, 1263, 977
4689 - 1263, 977, 1251, 981
4705 - 1251, 981, 1244, 986
4722 - 1244, 986, 1243, 989
4740 - 1243, 989, 1248, 991
4756 - 1248, 991, 1265, 992
5173 - 1663, 977, 1663, 977
5189 - 1663, 977, 1663, 977
5206 - 1663, 977, 1663, 977
5223 - 1663, 977, 1663, 977
5239 - 1663, 977, 1661, 973
5243 - Lines Begun
5773 - 577, 410, 575, 415
5789 - 575, 415, 575, 420
5806 - 575, 420, 575, 423
5822 - 575, 423, 572, 425
5839 - 572, 425, 563, 426
5856 - 563, 426, 540, 427
5873 - 540, 427, 502, 427
5890 - 502, 427, 454, 429
5906 - 454, 429, 418, 429
5923 - 418, 429, 389, 427
5939 - 389, 427, 375, 427
5956 - 375, 427, 373, 427
5972 - 373, 427, 374, 427
5989 - 374, 427, 384, 433
6006 - 384, 433, 423, 450
6023 - 423, 450, 479, 464
6040 - 479, 464, 545, 480
6056 - 545, 480, 599, 496
6073 - 599, 496, 633, 513
6090 - 633, 513, 666, 542
6106 - 666, 542, 683, 561
6123 - 683, 561, 684, 564
6140 - 684, 564, 682, 569
6156 - 682, 569, 667, 572
6172 - 667, 572, 646, 579
6189 - 646, 579, 625, 593
10222 - 1298, 592, 1414, 638
10240 - 1414, 638, 1534, 674
10256 - 1534, 674, 1618, 696
10273 - 1618, 696, 1676, 714
10290 - 1676, 714, 1718, 732
10306 - 1718, 732, 1742, 749
10323 - 1742, 749, 1777, 784
10339 - 1777, 784, 1821, 832
10356 - 1821, 832, 1839, 857
10372 - 1839, 857, 1835, 866
10389 - 1835, 866, 1816, 879
10406 - 1816, 879, 1766, 897
10423 - 1766, 897, 1704, 905
10439 - 1704, 905, 1608, 901
10456 - 1608, 901, 1516, 891
10473 - 1516, 891, 1422, 877
10489 - 1422, 877, 1346, 859
10506 - 1346, 859, 1316, 845
10523 - 1316, 845, 1314, 835
10539 - 1314, 835, 1319, 822
10556 - 1319, 822, 1331, 813
10573 - 1331, 813, 1346, 806
10589 - 1346, 806, 1375, 805
10606 - 1375, 805, 1410, 807
10623 - 1410, 807, 1445, 812
10639 - 1445, 812, 1450, 814
10656 - 1450, 814, 1450, 817
10672 - 1450, 817, 1452, 823
10689 - 1452, 823, 1453, 830
10706 - 1453, 830, 1455, 836
10723 - 1455, 836, 1457, 842
10739 - 1457, 842, 1467, 852
10906 - 1656, 962, 1656, 962
10922 - 1656, 962, 1656, 962
10940 - 1656, 962, 1656, 962
10956 - 1656, 962, 1656, 962
10973 - 1656, 962, 1655, 966
10974 - Test Over
