2486 - Spirals Begun
3587 - 311, 248, 311, 248
3602 - 311, 248, 311, 246
3647 - 311, 246, 311, 236
3693 - 311, 236, 311, 214
3742 - 311, 214, 311, 209
3786 - 311, 209, 311, 202
3833 - 311, 202, 311, 197
3866 - 311, 197, 321, 182
3920 - 321, 182, 328, 170
3953 - 328, 170, 341, 150
4005 - 341, 150, 351, 137
4047 - 351, 137, 364, 120
4088 - 364, 120, 377, 108
4130 - 377, 108, 383, 104
4170 - 383, 104, 395, 97
4216 - 395, 97, 402, 92
4253 - 402, 92, 413, 88
4303 - 413, 88, 422, 86
4333 - 422, 86, 435, 84
4387 - 435, 84, 445, 84
4418 - 445, 84, 462, 84
4469 - 462, 84, 476, 85
4522 - 476, 85, 493, 90
4562 - 493, 90, 516, 97
4602 - 516, 97, 529, 101
4624 - 529, 101, 537, 106
4664 - 537, 106, 542, 109
4700 - 542, 109, 545, 111
4751 - 545, 111, 560, 126
4779 - 560, 126, 578, 141
4830 - 578, 141, 587, 147
4869 - 587, 147, 599, 157
4901 - 599, 157, 607, 166
4952 - 607, 166, 613, 174
4982 - 613, 174, 622, 188
5033 - 622, 188, 626, 196
5072 - 626, 196, 627, 204
5112 - 627, 204, 627, 214
5143 - 627, 214, 627, 239
5192 - 627, 239, 627, 249
5222 - 627, 249, 627, 275
5273 - 627, 275, 625, 296
5312 - 625, 296, 620, 340
5344 - 620, 340, 612, 403
5395 - 612, 403, 610, 413
5424 - 610, 413, 599, 444
5474 - 599, 444, 586, 451
5504 - 586, 451, 547, 456
5544 - 547, 456, 526, 454
5594 - 526, 454, 507, 446
5624 - 507, 446, 479, 432
5676 - 479, 432, 463, 423
5706 - 463, 423, 440, 412
5755 - 440, 412, 428, 406
5796 - 428, 406, 414, 393
5825 - 414, 393, 407, 384
5865 - 407, 384, 398, 370
5915 - 398, 370, 393, 359
5955 - 393, 359, 389, 346
5995 - 389, 346, 387, 330
6026 - 387, 330, 386, 319
6076 - 386, 319, 386, 309
6105 - 386, 309, 386, 287
6144 - 386, 287, 386, 283
6195 - 386, 283, 385, 277
6225 - 385, 277, 382, 267
6254 - 382, 267, 382, 264
6294 - 382, 264, 381, 261
6324 - 381, 261, 381, 259
6373 - 381, 259, 379, 243
6413 - 379, 243, 378, 231
6458 - 378, 231, 378, 171
6499 - 378, 171, 379, 141
6539 - 379, 141, 387, 120
6575 - 387, 120, 404, 84
6624 - 404, 84, 418, 68
6665 - 418, 68, 437, 71
6683 - 437, 71, 459, 80
6722 - 459, 80, 472, 87
6757 - 472, 87, 483, 97
6809 - 483, 97, 516, 128
6848 - 516, 128, 526, 145
6879 - 526, 145, 530, 156
6929 - 530, 156, 534, 168
6959 - 534, 168, 538, 193
7000 - 538, 193, 541, 211
7038 - 541, 211, 542, 224
7068 - 542, 224, 542, 232
7107 - 542, 232, 542, 236
7145 - 542, 236, 542, 238
7175 - 542, 238, 542, 243
7227 - 542, 243, 540, 246
7256 - 540, 246, 538, 246
7311 - 538, 246, 528, 247
7341 - 528, 247, 503, 247
7390 - 503, 247, 497, 247
7430 - 497, 247, 485, 247
7460 - 485, 247, 473, 245
7512 - 473, 245, 466, 241
7544 - 466, 241, 461, 235
7592 - 461, 235, 459, 230
7631 - 459, 230, 459, 225
7660 - 459, 225, 459, 223
7709 - 459, 223, 459, 221
7738 - 459, 221, 459, 220
7776 - 459, 220, 460, 220
7827 - 460, 220, 462, 220
7857 - 462, 220, 462, 223
7885 - 462, 223, 463, 225
7925 - 463, 225, 463, 226
7967 - 463, 226, 464, 228
8014 - 464, 228, 466, 232
8055 - 466, 232, 470, 237
10101 - 1571, 897, 1571, 897
10109 - Lines Begun
11841 - 48, 97, 48, 97
11895 - 48, 97, 48, 97
11941 - 48, 97, 48, 97
11984 - 48, 97, 48, 97
12026 - 48, 97, 74, 97
12072 - 74, 97, 109, 97
12133 - 109, 97, 172, 97
12170 - 172, 97, 225, 97
12217 - 225, 97, 262, 103
12260 - 262, 103, 293, 106
12293 - 293, 106, 307, 107
12344 - 307, 107, 323, 107
12374 - 323, 107, 351, 107
12426 - 351, 107, 371, 106
12456 - 371, 106, 413, 102
12497 - 413, 102, 443, 100
12539 - 443, 100, 471, 99
12591 - 471, 99, 512, 99
12619 - 512, 99, 550, 99
12648 - 550, 99, 561, 98
12688 - 561, 98, 573, 98
12729 - 573, 98, 583, 98
12775 - 583, 98, 613, 98
12807 - 613, 98, 665, 103
12859 - 665, 103, 679, 103
12889 - 679, 103, 692, 105
12937 - 692, 105, 696, 106
12978 - 696, 106, 710, 108
13021 - 710, 108, 723, 110
13063 - 723, 110, 730, 111
13104 - 730, 111, 739, 112
13143 - 739, 112, 742, 113
13160 - 742, 113, 746, 113
13189 - 746, 113, 749, 113
13236 - 749, 113, 751, 113
13274 - 751, 113, 760, 112
13327 - 760, 112, 763, 110
13344 - 763, 110, 766, 107
13391 - 766, 107, 767, 107
13407 - 767, 107, 767, 106
14555 - 48, 154, 48, 154
14593 - 48, 154, 48, 154
14641 - 48, 154, 48, 154
14670 - 48, 154, 48, 154
14709 - 48, 154, 59, 154
14760 - 59, 154, 94, 154
14790 - 94, 154, 178, 154
14840 - 178, 154, 230, 154
14879 - 230, 154, 295, 154
14909 - 295, 154, 331, 154
14959 - 331, 154, 364, 154
14990 - 364, 154, 404, 155
15042 - 404, 155, 415, 155
15072 - 415, 155, 482, 155
15100 - 482, 155, 498, 154
15136 - 498, 154, 515, 153
15187 - 515, 153, 562, 147
15217 - 562, 147, 601, 146
15267 - 601, 146, 614, 146
15306 - 614, 146, 635, 148
15337 - 635, 148, 654, 151
15387 - 654, 151, 674, 153
15415 - 674, 153, 719, 158
15454 - 719, 158, 732, 159
15505 - 732, 159, 736, 159
15526 - 736, 159, 742, 161
15573 - 742, 161, 742, 161
15603 - 742, 161, 750, 162
15652 - 750, 162, 755, 162
15692 - 755, 162, 760, 162
15734 - 760, 162, 762, 162
15772 - 762, 162, 764, 163
17275 - 48, 202, 48, 202
17306 - 48, 202, 48, 202
17359 - 48, 202, 50, 202
17389 - 50, 202, 129, 202
17442 - 129, 202, 221, 202
17484 - 221, 202, 337, 202
17527 - 337, 202, 435, 203
17581 - 435, 203, 485, 205
17644 - 485, 205, 544, 209
17698 - 544, 209, 599, 211
17745 - 599, 211, 634, 213
17795 - 634, 213, 666, 216
17837 - 666, 216, 694, 223
17857 - 694, 223, 708, 225
17907 - 708, 225, 715, 226
17950 - 715, 226, 742, 229
17994 - 742, 229, 749, 229
18037 - 749, 229, 775, 229
18080 - 775, 229, 782, 228
18123 - 782, 228, 786, 226
18155 - 786, 226, 787, 224
18204 - 787, 224, 789, 222
18232 - 789, 222, 790, 220
18269 - 790, 220, 790, 220
18318 - 790, 220, 790, 220
19341 - 1638, 929, 1636, 929
19387 - 1636, 929, 1636, 929
19431 - 1636, 929, 1636, 929
19437 - Test Over
